10^18以下の高度合成数
(高度合成数(xとする)とは, x未満でxより約数の数が多いものが
存在しない自然数のこと)
tips:10^9以下の約数最大の数の約数でも1400未満(下の10^9ライン参照)

以下
(約数の数, 数字, 素因数分解)

(1, 1, [])
(2, 2, [2])
(3, 4, [2, 2])
(4, 6, [2, 3])
(6, 12, [2, 2, 3])
(8, 24, [2, 2, 2, 3])
(9, 36, [2, 2, 3, 3])
(10, 48, [2, 2, 2, 2, 3])
(12, 60, [2, 2, 3, 5])
(16, 120, [2, 2, 2, 3, 5])
(18, 180, [2, 2, 3, 3, 5])
(20, 240, [2, 2, 2, 2, 3, 5])
(24, 360, [2, 2, 2, 3, 3, 5])
(30, 720, [2, 2, 2, 2, 3, 3, 5])
(32, 840, [2, 2, 2, 3, 5, 7])
(36, 1260, [2, 2, 3, 3, 5, 7])
(40, 1680, [2, 2, 2, 2, 3, 5, 7])
(48, 2520, [2, 2, 2, 3, 3, 5, 7])
(60, 5040, [2, 2, 2, 2, 3, 3, 5, 7])
(64, 7560, [2, 2, 2, 3, 3, 3, 5, 7])
(72, 10080, [2, 2, 2, 2, 2, 3, 3, 5, 7])
(80, 15120, [2, 2, 2, 2, 3, 3, 3, 5, 7])
(84, 20160, [2, 2, 2, 2, 2, 2, 3, 3, 5, 7])
(90, 25200, [2, 2, 2, 2, 3, 3, 5, 5, 7])
(96, 27720, [2, 2, 2, 3, 3, 5, 7, 11])
(100, 45360, [2, 2, 2, 2, 3, 3, 3, 3, 5, 7])
(108, 50400, [2, 2, 2, 2, 2, 3, 3, 5, 5, 7])
(120, 55440, [2, 2, 2, 2, 3, 3, 5, 7, 11])
(128, 83160, [2, 2, 2, 3, 3, 3, 5, 7, 11])
(144, 110880, [2, 2, 2, 2, 2, 3, 3, 5, 7, 11])
(160, 166320, [2, 2, 2, 2, 3, 3, 3, 5, 7, 11])
(168, 221760, [2, 2, 2, 2, 2, 2, 3, 3, 5, 7, 11])
(180, 277200, [2, 2, 2, 2, 3, 3, 5, 5, 7, 11])
(192, 332640, [2, 2, 2, 2, 2, 3, 3, 3, 5, 7, 11])
(200, 498960, [2, 2, 2, 2, 3, 3, 3, 3, 5, 7, 11])
(216, 554400, [2, 2, 2, 2, 2, 3, 3, 5, 5, 7, 11])
(224, 665280, [2, 2, 2, 2, 2, 2, 3, 3, 3, 5, 7, 11])
(240, 720720, [2, 2, 2, 2, 3, 3, 5, 7, 11, 13])
(256, 1081080, [2, 2, 2, 3, 3, 3, 5, 7, 11, 13])
(288, 1441440, [2, 2, 2, 2, 2, 3, 3, 5, 7, 11, 13])
(320, 2162160, [2, 2, 2, 2, 3, 3, 3, 5, 7, 11, 13])
(336, 2882880, [2, 2, 2, 2, 2, 2, 3, 3, 5, 7, 11, 13])
(360, 3603600, [2, 2, 2, 2, 3, 3, 5, 5, 7, 11, 13])
(384, 4324320, [2, 2, 2, 2, 2, 3, 3, 3, 5, 7, 11, 13])
(400, 6486480, [2, 2, 2, 2, 3, 3, 3, 3, 5, 7, 11, 13])
(432, 7207200, [2, 2, 2, 2, 2, 3, 3, 5, 5, 7, 11, 13])
(448, 8648640, [2, 2, 2, 2, 2, 2, 3, 3, 3, 5, 7, 11, 13])
(480, 10810800, [2, 2, 2, 2, 3, 3, 3, 5, 5, 7, 11, 13])
(504, 14414400, [2, 2, 2, 2, 2, 2, 3, 3, 5, 5, 7, 11, 13])
(512, 17297280, [2, 2, 2, 2, 2, 2, 2, 3, 3, 3, 5, 7, 11, 13])
(576, 21621600, [2, 2, 2, 2, 2, 3, 3, 3, 5, 5, 7, 11, 13])
(600, 32432400, [2, 2, 2, 2, 3, 3, 3, 3, 5, 5, 7, 11, 13])
(640, 36756720, [2, 2, 2, 2, 3, 3, 3, 5, 7, 11, 13, 17])
(672, 43243200, [2, 2, 2, 2, 2, 2, 3, 3, 3, 5, 5, 7, 11, 13])
(720, 61261200, [2, 2, 2, 2, 3, 3, 5, 5, 7, 11, 13, 17])
(768, 73513440, [2, 2, 2, 2, 2, 3, 3, 3, 5, 7, 11, 13, 17])
(800, 110270160, [2, 2, 2, 2, 3, 3, 3, 3, 5, 7, 11, 13, 17])
(864, 122522400, [2, 2, 2, 2, 2, 3, 3, 5, 5, 7, 11, 13, 17])
(896, 147026880, [2, 2, 2, 2, 2, 2, 3, 3, 3, 5, 7, 11, 13, 17])
(960, 183783600, [2, 2, 2, 2, 3, 3, 3, 5, 5, 7, 11, 13, 17])
(1008, 245044800, [2, 2, 2, 2, 2, 2, 3, 3, 5, 5, 7, 11, 13, 17])
(1024, 294053760, [2, 2, 2, 2, 2, 2, 2, 3, 3, 3, 5, 7, 11, 13, 17])
(1152, 367567200, [2, 2, 2, 2, 2, 3, 3, 3, 5, 5, 7, 11, 13, 17])
(1200, 551350800, [2, 2, 2, 2, 3, 3, 3, 3, 5, 5, 7, 11, 13, 17])
(1280, 698377680, [2, 2, 2, 2, 3, 3, 3, 5, 7, 11, 13, 17, 19])
(1344, 735134400, [2, 2, 2, 2, 2, 2, 3, 3, 3, 5, 5, 7, 11, 13, 17])
---------------------- ↓10^9 より大きい ------------------------------
(1440, 1102701600, [2, 2, 2, 2, 2, 3, 3, 3, 3, 5, 5, 7, 11, 13, 17])
(1536, 1396755360, [2, 2, 2, 2, 2, 3, 3, 3, 5, 7, 11, 13, 17, 19])
(1600, 2095133040, [2, 2, 2, 2, 3, 3, 3, 3, 5, 7, 11, 13, 17, 19])
(1680, 2205403200, [2, 2, 2, 2, 2, 2, 3, 3, 3, 3, 5, 5, 7, 11, 13, 17])
(1728, 2327925600, [2, 2, 2, 2, 2, 3, 3, 5, 5, 7, 11, 13, 17, 19])
(1792, 2793510720, [2, 2, 2, 2, 2, 2, 3, 3, 3, 5, 7, 11, 13, 17, 19])
(1920, 3491888400, [2, 2, 2, 2, 3, 3, 3, 5, 5, 7, 11, 13, 17, 19])
(2016, 4655851200, [2, 2, 2, 2, 2, 2, 3, 3, 5, 5, 7, 11, 13, 17, 19])
(2048, 5587021440, [2, 2, 2, 2, 2, 2, 2, 3, 3, 3, 5, 7, 11, 13, 17, 19])
(2304, 6983776800, [2, 2, 2, 2, 2, 3, 3, 3, 5, 5, 7, 11, 13, 17, 19])
(2400, 10475665200, [2, 2, 2, 2, 3, 3, 3, 3, 5, 5, 7, 11, 13, 17, 19])
(2688, 13967553600, [2, 2, 2, 2, 2, 2, 3, 3, 3, 5, 5, 7, 11, 13, 17, 19])
(2880, 20951330400, [2, 2, 2, 2, 2, 3, 3, 3, 3, 5, 5, 7, 11, 13, 17, 19])
(3072, 27935107200, [2, 2, 2, 2, 2, 2, 2, 3, 3, 3, 5, 5, 7, 11, 13, 17, 19])
(3360, 41902660800, [2, 2, 2, 2, 2, 2, 3, 3, 3, 3, 5, 5, 7, 11, 13, 17, 19])
(3456, 48886437600, [2, 2, 2, 2, 2, 3, 3, 3, 5, 5, 7, 7, 11, 13, 17, 19])
(3584, 64250746560, [2, 2, 2, 2, 2, 2, 3, 3, 3, 5, 7, 11, 13, 17, 19, 23])
(3600, 73329656400, [2, 2, 2, 2, 3, 3, 3, 3, 5, 5, 7, 7, 11, 13, 17, 19])
(3840, 80313433200, [2, 2, 2, 2, 3, 3, 3, 5, 5, 7, 11, 13, 17, 19, 23])
(4032, 97772875200, [2, 2, 2, 2, 2, 2, 3, 3, 3, 5, 5, 7, 7, 11, 13, 17, 19])
(4096, 128501493120, [2, 2, 2, 2, 2, 2, 2, 3, 3, 3, 5, 7, 11, 13, 17, 19, 23])
(4320, 146659312800, [2, 2, 2, 2, 2, 3, 3, 3, 3, 5, 5, 7, 7, 11, 13, 17, 19])
(4608, 160626866400, [2, 2, 2, 2, 2, 3, 3, 3, 5, 5, 7, 11, 13, 17, 19, 23])
(4800, 240940299600, [2, 2, 2, 2, 3, 3, 3, 3, 5, 5, 7, 11, 13, 17, 19, 23])
(5040, 293318625600, [2, 2, 2, 2, 2, 2, 3, 3, 3, 3, 5, 5, 7, 7, 11, 13, 17, 19])
(5376, 321253732800, [2, 2, 2, 2, 2, 2, 3, 3, 3, 5, 5, 7, 11, 13, 17, 19, 23])
(5760, 481880599200, [2, 2, 2, 2, 2, 3, 3, 3, 3, 5, 5, 7, 11, 13, 17, 19, 23])
(6144, 642507465600, [2, 2, 2, 2, 2, 2, 2, 3, 3, 3, 5, 5, 7, 11, 13, 17, 19, 23])
(6720, 963761198400, [2, 2, 2, 2, 2, 2, 3, 3, 3, 3, 5, 5, 7, 11, 13, 17, 19, 23])
(6912, 1124388064800, [2, 2, 2, 2, 2, 3, 3, 3, 5, 5, 7, 7, 11, 13, 17, 19, 23])
(7168, 1606268664000, [2, 2, 2, 2, 2, 2, 3, 3, 3, 5, 5, 5, 7, 11, 13, 17, 19, 23])
(7200, 1686582097200, [2, 2, 2, 2, 3, 3, 3, 3, 5, 5, 7, 7, 11, 13, 17, 19, 23])
(7680, 1927522396800, [2, 2, 2, 2, 2, 2, 2, 3, 3, 3, 3, 5, 5, 7, 11, 13, 17, 19, 23])
(8064, 2248776129600, [2, 2, 2, 2, 2, 2, 3, 3, 3, 5, 5, 7, 7, 11, 13, 17, 19, 23])
(8192, 3212537328000, [2, 2, 2, 2, 2, 2, 2, 3, 3, 3, 5, 5, 5, 7, 11, 13, 17, 19, 23])
(8640, 3373164194400, [2, 2, 2, 2, 2, 3, 3, 3, 3, 5, 5, 7, 7, 11, 13, 17, 19, 23])
(9216, 4497552259200, [2, 2, 2, 2, 2, 2, 2, 3, 3, 3, 5, 5, 7, 7, 11, 13, 17, 19, 23])
(10080, 6746328388800, [2, 2, 2, 2, 2, 2, 3, 3, 3, 3, 5, 5, 7, 7, 11, 13, 17, 19, 23])
(10368, 8995104518400, [2, 2, 2, 2, 2, 2, 2, 2, 3, 3, 3, 5, 5, 7, 7, 11, 13, 17, 19, 23])
(10752, 9316358251200, [2, 2, 2, 2, 2, 2, 3, 3, 3, 5, 5, 7, 11, 13, 17, 19, 23, 29])
(11520, 13492656777600, [2, 2, 2, 2, 2, 2, 2, 3, 3, 3, 3, 5, 5, 7, 7, 11, 13, 17, 19, 23])
(12288, 18632716502400, [2, 2, 2, 2, 2, 2, 2, 3, 3, 3, 5, 5, 7, 11, 13, 17, 19, 23, 29])
(12960, 26985313555200, [2, 2, 2, 2, 2, 2, 2, 2, 3, 3, 3, 3, 5, 5, 7, 7, 11, 13, 17, 19, 23])
(13440, 27949074753600, [2, 2, 2, 2, 2, 2, 3, 3, 3, 3, 5, 5, 7, 11, 13, 17, 19, 23, 29])
(13824, 32607253879200, [2, 2, 2, 2, 2, 3, 3, 3, 5, 5, 7, 7, 11, 13, 17, 19, 23, 29])
(14336, 46581791256000, [2, 2, 2, 2, 2, 2, 3, 3, 3, 5, 5, 5, 7, 11, 13, 17, 19, 23, 29])
(14400, 48910880818800, [2, 2, 2, 2, 3, 3, 3, 3, 5, 5, 7, 7, 11, 13, 17, 19, 23, 29])
(15360, 55898149507200, [2, 2, 2, 2, 2, 2, 2, 3, 3, 3, 3, 5, 5, 7, 11, 13, 17, 19, 23, 29])
(16128, 65214507758400, [2, 2, 2, 2, 2, 2, 3, 3, 3, 5, 5, 7, 7, 11, 13, 17, 19, 23, 29])
(16384, 93163582512000, [2, 2, 2, 2, 2, 2, 2, 3, 3, 3, 5, 5, 5, 7, 11, 13, 17, 19, 23, 29])
(17280, 97821761637600, [2, 2, 2, 2, 2, 3, 3, 3, 3, 5, 5, 7, 7, 11, 13, 17, 19, 23, 29])
(18432, 130429015516800, [2, 2, 2, 2, 2, 2, 2, 3, 3, 3, 5, 5, 7, 7, 11, 13, 17, 19, 23, 29])
(20160, 195643523275200, [2, 2, 2, 2, 2, 2, 3, 3, 3, 3, 5, 5, 7, 7, 11, 13, 17, 19, 23, 29])
(20736, 260858031033600, [2, 2, 2, 2, 2, 2, 2, 2, 3, 3, 3, 5, 5, 7, 7, 11, 13, 17, 19, 23, 29])
(21504, 288807105787200, [2, 2, 2, 2, 2, 2, 3, 3, 3, 5, 5, 7, 11, 13, 17, 19, 23, 29, 31])
(23040, 391287046550400, [2, 2, 2, 2, 2, 2, 2, 3, 3, 3, 3, 5, 5, 7, 7, 11, 13, 17, 19, 23, 29])
(24576, 577614211574400, [2, 2, 2, 2, 2, 2, 2, 3, 3, 3, 5, 5, 7, 11, 13, 17, 19, 23, 29, 31])
(25920, 782574093100800, [2, 2, 2, 2, 2, 2, 2, 2, 3, 3, 3, 3, 5, 5, 7, 7, 11, 13, 17, 19, 23, 29])
(26880, 866421317361600, [2, 2, 2, 2, 2, 2, 3, 3, 3, 3, 5, 5, 7, 11, 13, 17, 19, 23, 29, 31])
(27648, 1010824870255200, [2, 2, 2, 2, 2, 3, 3, 3, 5, 5, 7, 7, 11, 13, 17, 19, 23, 29, 31])
(28672, 1444035528936000, [2, 2, 2, 2, 2, 2, 3, 3, 3, 5, 5, 5, 7, 11, 13, 17, 19, 23, 29, 31])
(28800, 1516237305382800, [2, 2, 2, 2, 3, 3, 3, 3, 5, 5, 7, 7, 11, 13, 17, 19, 23, 29, 31])
(30720, 1732842634723200, [2, 2, 2, 2, 2, 2, 2, 3, 3, 3, 3, 5, 5, 7, 11, 13, 17, 19, 23, 29, 31])
(32256, 2021649740510400, [2, 2, 2, 2, 2, 2, 3, 3, 3, 5, 5, 7, 7, 11, 13, 17, 19, 23, 29, 31])
(32768, 2888071057872000, [2, 2, 2, 2, 2, 2, 2, 3, 3, 3, 5, 5, 5, 7, 11, 13, 17, 19, 23, 29, 31])
(34560, 3032474610765600, [2, 2, 2, 2, 2, 3, 3, 3, 3, 5, 5, 7, 7, 11, 13, 17, 19, 23, 29, 31])
(36864, 4043299481020800, [2, 2, 2, 2, 2, 2, 2, 3, 3, 3, 5, 5, 7, 7, 11, 13, 17, 19, 23, 29, 31])
(40320, 6064949221531200, [2, 2, 2, 2, 2, 2, 3, 3, 3, 3, 5, 5, 7, 7, 11, 13, 17, 19, 23, 29, 31])
(41472, 8086598962041600, [2, 2, 2, 2, 2, 2, 2, 2, 3, 3, 3, 5, 5, 7, 7, 11, 13, 17, 19, 23, 29, 31])
(43008, 10108248702552000, [2, 2, 2, 2, 2, 2, 3, 3, 3, 5, 5, 5, 7, 7, 11, 13, 17, 19, 23, 29, 31])
(46080, 12129898443062400, [2, 2, 2, 2, 2, 2, 2, 3, 3, 3, 3, 5, 5, 7, 7, 11, 13, 17, 19, 23, 29, 31])
(48384, 18194847664593600, [2, 2, 2, 2, 2, 2, 3, 3, 3, 3, 3, 5, 5, 7, 7, 11, 13, 17, 19, 23, 29, 31])
(49152, 20216497405104000, [2, 2, 2, 2, 2, 2, 2, 3, 3, 3, 5, 5, 5, 7, 7, 11, 13, 17, 19, 23, 29, 31])
(51840, 24259796886124800, [2, 2, 2, 2, 2, 2, 2, 2, 3, 3, 3, 3, 5, 5, 7, 7, 11, 13, 17, 19, 23, 29, 31])
(53760, 30324746107656000, [2, 2, 2, 2, 2, 2, 3, 3, 3, 3, 5, 5, 5, 7, 7, 11, 13, 17, 19, 23, 29, 31])
(55296, 36389695329187200, [2, 2, 2, 2, 2, 2, 2, 3, 3, 3, 3, 3, 5, 5, 7, 7, 11, 13, 17, 19, 23, 29, 31])
(57600, 48519593772249600, [2, 2, 2, 2, 2, 2, 2, 2, 2, 3, 3, 3, 3, 5, 5, 7, 7, 11, 13, 17, 19, 23, 29, 31])
(61440, 60649492215312000, [2, 2, 2, 2, 2, 2, 2, 3, 3, 3, 3, 5, 5, 5, 7, 7, 11, 13, 17, 19, 23, 29, 31])
(62208, 72779390658374400, [2, 2, 2, 2, 2, 2, 2, 2, 3, 3, 3, 3, 3, 5, 5, 7, 7, 11, 13, 17, 19, 23, 29, 31])
(64512, 74801040398884800, [2, 2, 2, 2, 2, 2, 3, 3, 3, 5, 5, 7, 7, 11, 13, 17, 19, 23, 29, 31, 37])
(65536, 106858629141264000, [2, 2, 2, 2, 2, 2, 2, 3, 3, 3, 5, 5, 5, 7, 11, 13, 17, 19, 23, 29, 31, 37])
(69120, 112201560598327200, [2, 2, 2, 2, 2, 3, 3, 3, 3, 5, 5, 7, 7, 11, 13, 17, 19, 23, 29, 31, 37])
(73728, 149602080797769600, [2, 2, 2, 2, 2, 2, 2, 3, 3, 3, 5, 5, 7, 7, 11, 13, 17, 19, 23, 29, 31, 37])
(80640, 224403121196654400, [2, 2, 2, 2, 2, 2, 3, 3, 3, 3, 5, 5, 7, 7, 11, 13, 17, 19, 23, 29, 31, 37])
(82944, 299204161595539200, [2, 2, 2, 2, 2, 2, 2, 2, 3, 3, 3, 5, 5, 7, 7, 11, 13, 17, 19, 23, 29, 31, 37])
(86016, 374005201994424000, [2, 2, 2, 2, 2, 2, 3, 3, 3, 5, 5, 5, 7, 7, 11, 13, 17, 19, 23, 29, 31, 37])
(92160, 448806242393308800, [2, 2, 2, 2, 2, 2, 2, 3, 3, 3, 3, 5, 5, 7, 7, 11, 13, 17, 19, 23, 29, 31, 37])
(96768, 673209363589963200, [2, 2, 2, 2, 2, 2, 3, 3, 3, 3, 3, 5, 5, 7, 7, 11, 13, 17, 19, 23, 29, 31, 37])
(98304, 748010403988848000, [2, 2, 2, 2, 2, 2, 2, 3, 3, 3, 5, 5, 5, 7, 7, 11, 13, 17, 19, 23, 29, 31, 37])
(103680, 897612484786617600, [2, 2, 2, 2, 2, 2, 2, 2, 3, 3, 3, 3, 5, 5, 7, 7, 11, 13, 17, 19, 23, 29, 31, 37])
